 XF =   0.000 - XG =   0.000
 YF =   0.000 - YG =   0.000
 ZF =  -0.250 - ZG =   0.000
 Displacement =  0.5000000E+00
 Waterplane area =  0.1000000E+01
